class 0 acc:0.957346 Top 10:  [ 0  1 32 81 94 49 28 42 59  3] with prob:  [ 0.92041997  0.01022445  0.00799992  0.00729883  0.00655619  0.00466243
  0.00389752  0.00367491  0.0027937   0.0027136 ]
class 1 acc:0.924000 Top 10:  [ 1 54 94 56  3 24 49 13 33 45] with prob:  [ 0.87748871  0.03295642  0.00831323  0.00800323  0.00716139  0.00627778
  0.00521756  0.00503617  0.00443491  0.0038616 ]
class 10 acc:0.976190 Top 10:  [10 68 48 46 37 81  5 51 59 93] with prob:  [ 0.94085793  0.02270437  0.00805472  0.00702203  0.00418331  0.00149308
  0.00148097  0.00134888  0.00115656  0.00096266]
class 11 acc:1.000000 Top 10:  [11 86 32  9 22 50  7 69 89 78] with prob:  [  9.52254715e-01   2.85895058e-02   3.95544864e-03   3.23141906e-03
   3.22603864e-03   1.74583641e-03   8.65081095e-04   5.85586838e-04
   5.34806454e-04   2.56377002e-04]
class 12 acc:0.991968 Top 10:  [12  6 82 95 94 45 60 21  3 86] with prob:  [  9.75098519e-01   4.54453406e-03   2.48225791e-03   2.26860941e-03
   1.72062723e-03   1.65511175e-03   1.47497348e-03   1.04928190e-03
   8.67040525e-04   8.18309862e-04]
class 13 acc:0.962963 Top 10:  [13  1 56 54 33 30 27 94 12 62] with prob:  [ 0.84554333  0.04040235  0.03108879  0.01673087  0.01086926  0.00978664
  0.00891237  0.00774104  0.00441731  0.00440359]
class 14 acc:0.910000 Top 10:  [14 73 89  7 21 72  1 40 76 88] with prob:  [ 0.85702631  0.04071777  0.03291811  0.01906258  0.00695757  0.00570136
  0.00386864  0.00336515  0.00307118  0.00278603]
class 15 acc:0.904110 Top 10:  [15 43 78 71 44  9 21 23 50 79] with prob:  [  7.33515278e-01   2.41917734e-01   9.72313933e-03   4.33873282e-03
   1.13903249e-03   7.05329910e-04   6.98242891e-04   6.01930258e-04
   5.69482886e-04   4.88380230e-04]
class 16 acc:1.000000 Top 10:  [16 34 72 42 59 76 23 89 74 92] with prob:  [  9.88792864e-01   3.02250717e-03   2.32089957e-03   1.71067798e-03
   5.88926354e-04   2.37307013e-04   1.27415533e-04   1.18207037e-04
   1.08316410e-04   1.02714981e-04]
class 17 acc:0.985000 Top 10:  [17 85 68 75 46 66 35 51 84  5] with prob:  [  9.60864533e-01   1.14177759e-02   5.66168265e-03   3.69247253e-03
   3.22350486e-03   3.08485953e-03   2.29369019e-03   1.40051198e-03
   7.53811067e-04   6.50743256e-04]
class 18 acc:0.911647 Top 10:  [18 30 20 53 80 24  8 60 89 90] with prob:  [ 0.85473464  0.0958655   0.01437104  0.01099969  0.00740801  0.00261855
  0.0022873   0.00197633  0.00190637  0.00137551]
class 19 acc:0.935897 Top 10:  [19 77 41 82 64 90 49 69 92 23] with prob:  [  8.92525339e-01   7.48671313e-02   1.25385971e-02   2.47715950e-03
   1.64307018e-03   1.25020270e-03   8.71195931e-04   6.77779364e-04
   5.12071430e-04   5.11975061e-04]
class 2 acc:0.995851 Top 10:  [ 2 24 93 92 73  5 87 36 88 84] with prob:  [  9.89791642e-01   4.38662969e-03   6.75951690e-04   6.58745995e-04
   5.59415288e-04   4.67626446e-04   4.40737975e-04   2.38486907e-04
   1.83173280e-04   1.24152470e-04]
class 20 acc:0.971774 Top 10:  [20 90 18  7 86 89 80 32  8 50] with prob:  [ 0.92411667  0.01880797  0.01421407  0.00791962  0.0067808   0.00635311
  0.00467502  0.00216907  0.00188336  0.00168885]
class 21 acc:0.921348 Top 10:  [21 94 61 85 41 79 90  6 14 82] with prob:  [ 0.86568305  0.03942131  0.01672436  0.01532493  0.00984359  0.00694104
  0.00596802  0.00512778  0.00377203  0.00356797]
class 22 acc:0.914573 Top 10:  [22 69 86 11  7 89 21 14 16 23] with prob:  [  8.04707451e-01   1.82756251e-01   1.05589753e-03   9.99384661e-04
   7.39383503e-04   4.30770746e-04   3.91635161e-04   3.88540936e-04
   2.88975205e-04   2.64445391e-04]
class 23 acc:0.976000 Top 10:  [23 79 91 61 71 21 49  0 94 63] with prob:  [ 0.9458631   0.02312671  0.00561066  0.0027525   0.00242016  0.00161843
  0.00151238  0.00140938  0.00133532  0.00121552]
class 24 acc:0.956522 Top 10:  [24 93 33  2 65 14  1 61 18 80] with prob:  [ 0.92780863  0.01829267  0.00735081  0.00580081  0.00542951  0.00470625
  0.00454932  0.00421723  0.00285225  0.00244615]
class 25 acc:0.928000 Top 10:  [25 95 80 45  2 91  1 56 54  5] with prob:  [  8.65459424e-01   1.03956239e-01   9.17630760e-03   4.17411387e-03
   3.32511598e-03   2.94991479e-03   1.90690969e-03   1.67686146e-03
   1.08697682e-03   6.14849709e-04]
class 26 acc:0.925373 Top 10:  [26 75 85 17 79 21  5 41 94 61] with prob:  [ 0.90291182  0.018676    0.01411339  0.0116954   0.01145712  0.00682691
  0.00668817  0.00614208  0.00258643  0.00139217]
class 27 acc:0.988000 Top 10:  [27 95 74 80 13 87 25 30 91 61] with prob:  [  9.77016392e-01   6.79638212e-03   6.64089631e-03   1.71198027e-03
   6.41619575e-04   5.40224836e-04   4.49290918e-04   4.35649975e-04
   2.88019608e-04   2.57111669e-04]
class 28 acc:0.983871 Top 10:  [28  0 51 81  8 61 87 74 59 91] with prob:  [  9.73854456e-01   7.53931397e-03   4.56062783e-03   3.73696022e-03
   3.49799822e-03   1.79442498e-03   5.42216609e-04   3.55004665e-04
   2.91932418e-04   2.52238766e-04]
class 29 acc:0.988000 Top 10:  [29 47  0 49 48 44 35 39 52 17] with prob:  [ 0.96863423  0.0063638   0.00387872  0.00322222  0.00185206  0.00170823
  0.00151776  0.00146965  0.00144799  0.00144057]
class 3 acc:0.970588 Top 10:  [ 3 45 67 62  1 13 83 27  0 25] with prob:  [  9.40449752e-01   2.07213346e-02   1.42103127e-02   1.09000600e-02
   5.40727512e-03   3.23028573e-03   4.78975468e-04   3.91615054e-04
   3.84008916e-04   3.74597675e-04]
class 30 acc:0.937294 Top 10:  [30 53 18 80 13 87 60  8 27 93] with prob:  [  8.84811008e-01   6.49354729e-02   4.11644434e-02   5.96271290e-03
   5.14345140e-04   3.88974836e-04   2.62704234e-04   2.11631954e-04
   1.03547103e-04   6.83819275e-05]
class 31 acc:0.990654 Top 10:  [31 74 57 83 58 67 52 37  1  0] with prob:  [  9.64778258e-01   1.81148567e-02   6.67667231e-03   2.24107348e-03
   1.46838907e-03   7.87714410e-04   7.20816174e-04   2.87430614e-04
   2.24364179e-04   2.24055134e-04]
class 32 acc:0.971545 Top 10:  [32 80 49  0 94 20  8  1 53 95] with prob:  [  9.41521762e-01   2.31664165e-02   8.50881199e-03   7.72496618e-03
   4.15352031e-03   2.36934098e-03   1.77309608e-03   1.71564664e-03
   1.34684740e-03   7.26282481e-04]
class 33 acc:0.960000 Top 10:  [33 56 54 59  1 18 24 61 87 13] with prob:  [ 0.93387125  0.02044533  0.01558391  0.00551022  0.00539776  0.00406115
  0.00283725  0.00213237  0.00196605  0.00159618]
class 34 acc:0.861702 Top 10:  [34 72 16 76 73 45 92 40 14 23] with prob:  [  7.60543773e-01   1.97726615e-01   1.95061467e-02   6.40127486e-03
   4.65882695e-03   1.91688959e-03   5.80166701e-04   4.14949529e-04
   2.94358193e-04   2.89092442e-04]
class 35 acc:0.987952 Top 10:  [35 44 29 48 17 71 85  4 49 75] with prob:  [  9.70010137e-01   7.27198133e-03   4.48018968e-03   4.37964970e-03
   4.34029369e-03   1.15388280e-03   5.88046506e-04   4.25684806e-04
   4.04654269e-04   3.94634932e-04]
class 36 acc:0.996000 Top 10:  [36 68 85 52 46 84 51 67  1  4] with prob:  [  9.85953482e-01   3.67099275e-03   2.52582033e-03   1.52637099e-03
   1.13281857e-03   9.63271396e-04   7.17774689e-04   5.43252739e-04
   3.88514906e-04   3.38435275e-04]
class 37 acc:0.972000 Top 10:  [37 63 85 21 23 59 79 75 94  0] with prob:  [  9.51919742e-01   2.17768356e-02   9.39336521e-03   3.58371312e-03
   3.55857847e-03   3.10123485e-03   8.28592646e-04   3.08911703e-04
   3.05424269e-04   2.83213939e-04]
class 38 acc:0.988000 Top 10:  [38 65 81  4 40  7  8 24 84 49] with prob:  [  9.46602344e-01   1.43008015e-02   1.18832116e-02   9.54809810e-03
   2.27625519e-03   1.40045116e-03   9.99897459e-04   8.71966422e-04
   6.73478706e-04   6.53370163e-04]
class 39 acc:0.834951 Top 10:  [39 66 47 29 51  4 81 84 17 46] with prob:  [  7.89633554e-01   1.35815902e-01   3.38783458e-02   1.81376335e-02
   7.81854020e-03   3.40399156e-03   2.14540146e-03   1.24890391e-03
   7.72973199e-04   7.14280432e-04]
class 4 acc:0.980000 Top 10:  [ 4 38 36 81 66 84 52 46 39 29] with prob:  [  9.56299328e-01   1.15528579e-02   1.05891752e-02   9.50919030e-03
   2.72549954e-03   1.08197818e-03   1.07877464e-03   8.60689999e-04
   7.32371847e-04   7.11951601e-04]
class 40 acc:0.955882 Top 10:  [40 14  8 38 88 50 73 72 92 76] with prob:  [ 0.9042623   0.02618268  0.01318819  0.01232202  0.00687239  0.00604957
  0.00485757  0.00327199  0.00269872  0.00265985]
class 41 acc:0.979424 Top 10:  [41 94 82 62 21 49 79  5  1 85] with prob:  [  9.61050910e-01   9.25463865e-03   7.20734702e-03   5.22503902e-03
   3.89708465e-03   2.82882387e-03   1.31554153e-03   1.13070818e-03
   7.13329717e-04   5.53564483e-04]
class 42 acc:0.903846 Top 10:  [42 59 16 48  0 72  1 46 70 86] with prob:  [ 0.8661289   0.08467018  0.01046048  0.0101243   0.00405206  0.00350344
  0.00319695  0.00282515  0.00197931  0.00114566]
class 43 acc:0.402597 Top 10:  [43 15 44 71 29 78 50 76 72 17] with prob:  [  4.17726255e-01   3.72048336e-01   1.15116013e-01   8.25904493e-02
   1.18461358e-03   1.17537710e-03   6.45912243e-04   5.75472053e-04
   4.27093652e-04   4.15461610e-04]
class 44 acc:0.860465 Top 10:  [44 71 43 35 29 15 48 39 23 17] with prob:  [  7.31921441e-01   2.06161575e-01   2.50889776e-02   1.79389185e-02
   5.00643158e-03   1.62934432e-03   1.60291638e-03   5.86181249e-04
   5.34649156e-04   4.55272219e-04]
class 45 acc:0.935743 Top 10:  [45  3 62  1 25 67 12 95 83 17] with prob:  [ 0.89835006  0.027566    0.02099341  0.01281316  0.00728989  0.00596476
  0.00499732  0.00440799  0.00344059  0.00270735]
class 46 acc:0.907258 Top 10:  [46 48 52 84  5 51 36 66 29  4] with prob:  [  8.25934096e-01   8.25759190e-02   5.10975632e-02   1.64081505e-02
   5.09212206e-03   4.68236511e-03   4.30256523e-03   1.78447668e-03
   1.56149691e-03   7.15573064e-04]
class 47 acc:0.972000 Top 10:  [47 29 52 39 84 36 49 51 46 66] with prob:  [  9.44572226e-01   1.67243110e-02   1.11488628e-02   8.59945238e-03
   3.79750798e-03   3.08032089e-03   2.84952587e-03   1.14377577e-03
   1.07771957e-03   9.00985381e-04]
class 48 acc:0.935743 Top 10:  [48 46  5 29 10  1 35 68 71  2] with prob:  [ 0.85767808  0.09380419  0.02527678  0.00425125  0.00213271  0.00185531
  0.00141434  0.00107028  0.00105702  0.00100365]
class 49 acc:0.927711 Top 10:  [49 94 41 24  1  0 35 29 81 85] with prob:  [ 0.87353506  0.04313777  0.01654646  0.00642781  0.00621413  0.00574144
  0.00347972  0.00337658  0.00300555  0.00291738]
class 5 acc:0.972973 Top 10:  [ 5 48 46 62 68 29 41 96 49 10] with prob:  [  9.47823213e-01   2.25687633e-02   6.39254052e-03   4.03344726e-03
   3.79769720e-03   2.72261976e-03   1.75421283e-03   1.58905974e-03
   1.09391613e-03   7.08499743e-04]
class 50 acc:0.892086 Top 10:  [50 88 89  8 14 11 15 72 20 73] with prob:  [ 0.85190678  0.09966515  0.00826757  0.00413375  0.00379744  0.00271825
  0.00270173  0.00269713  0.00235931  0.00196153]
class 51 acc:0.976000 Top 10:  [51 70 29 36 52 81 28 10 47 46] with prob:  [ 0.95831664  0.00777085  0.00686187  0.00465893  0.00321894  0.00259817
  0.00244619  0.00214067  0.00194492  0.00157291]
class 52 acc:0.909605 Top 10:  [52 46 84 81 70 51 65 29 36 48] with prob:  [ 0.79715203  0.06496659  0.04891233  0.01214935  0.01005603  0.00966427
  0.00877539  0.00748338  0.00566263  0.0046592 ]
class 53 acc:0.911290 Top 10:  [53 80 30 18 13 25 89  1 95 56] with prob:  [  8.30217223e-01   8.46633291e-02   7.29398783e-02   6.47294004e-03
   1.29251868e-03   3.50115855e-04   3.39379939e-04   3.37184219e-04
   2.95596113e-04   2.25209118e-04]
class 54 acc:0.911504 Top 10:  [54 56  1 33 13 18 95 24 67 49] with prob:  [ 0.8039968   0.11397756  0.03731497  0.01858504  0.00457348  0.00344222
  0.00178839  0.00145217  0.00144637  0.00124424]
class 55 acc:1.000000 Top 10:  [55 91 87 88  8 61 50 74 23 86] with prob:  [  9.83895366e-01   3.94654969e-03   3.13447284e-03   2.17787952e-03
   1.42337093e-03   1.28839514e-03   4.74276531e-04   3.68967703e-04
   3.07362917e-04   2.61229615e-04]
class 56 acc:0.871429 Top 10:  [56 54 33  1 13  0 25 42 80 95] with prob:  [  7.57572484e-01   1.81445479e-01   2.37875434e-02   2.17938519e-02
   3.75936805e-03   1.70286458e-03   1.69972794e-03   1.06994445e-03
   8.65965807e-04   7.23154610e-04]
class 57 acc:0.961240 Top 10:  [57 58 93 85 67 68 48  5 83 35] with prob:  [  9.30150745e-01   3.60586364e-02   1.18345714e-02   1.03613766e-02
   4.54158341e-03   2.04120917e-03   5.66976454e-04   5.56132808e-04
   4.82170109e-04   3.40355523e-04]
class 58 acc:0.918919 Top 10:  [58 57 93 83 67 85  1 29 41 24] with prob:  [ 0.88434221  0.03068173  0.01899697  0.01583331  0.01290426  0.01069841
  0.00665276  0.00233021  0.00153256  0.00148228]
class 59 acc:0.995984 Top 10:  [59 42 61 33 63 24  1 28 37  0] with prob:  [  9.52981630e-01   2.27427065e-02   6.02806660e-03   2.98161109e-03
   2.40162676e-03   1.47081570e-03   1.42415494e-03   1.25138486e-03
   1.24815208e-03   8.66781123e-04]
class 6 acc:0.995413 Top 10:  [ 6 12 32 82 60 83  0 26 74 21] with prob:  [  9.76582465e-01   5.82034500e-03   4.89225453e-03   3.29823551e-03
   2.21979957e-03   1.16229869e-03   3.61635409e-04   3.29851190e-04
   2.88593968e-04   2.48651616e-04]
class 60 acc:0.987903 Top 10:  [60 18 80 12  6 81 82 38  4 30] with prob:  [  9.76763681e-01   7.07355749e-03   1.91697677e-03   1.73784387e-03
   1.50807546e-03   1.26360238e-03   1.21567360e-03   1.15373106e-03
   1.12311111e-03   7.19420901e-04]
class 61 acc:0.976000 Top 10:  [61 21 88 74 55 79 59 87 23 33] with prob:  [ 0.95547457  0.00848873  0.00503486  0.00476987  0.00322777  0.0031174
  0.00286634  0.00231234  0.00192047  0.00158873]
class 62 acc:0.983871 Top 10:  [62  3 41  1 45 67 82 91 13  5] with prob:  [  9.53999313e-01   1.29441422e-02   8.69378769e-03   5.39288308e-03
   5.30978608e-03   2.92112500e-03   9.90193374e-04   7.34132535e-04
   7.16830728e-04   7.00001536e-04]
class 63 acc:0.948000 Top 10:  [63 37 59 61  1 33 31 23 85 52] with prob:  [  9.01301451e-01   6.26475083e-02   1.38005961e-02   4.62865740e-03
   3.80582554e-03   3.18674150e-03   1.39706370e-03   1.23811913e-03
   6.73947795e-04   6.49686299e-04]
class 64 acc:1.000000 Top 10:  [64  9 78 76 14 92 72 47 29 40] with prob:  [  9.82639182e-01   3.18715217e-03   1.61939395e-03   1.56490849e-03
   9.88460747e-04   9.02054060e-04   7.49449701e-04   6.61408855e-04
   5.50709833e-04   3.65233812e-04]
class 65 acc:0.967890 Top 10:  [65 70 81 24 38 36 59 52 33 91] with prob:  [  9.20096477e-01   3.54356093e-02   1.41099715e-02   1.29384715e-02
   5.38735213e-03   3.48252321e-03   9.32220147e-04   7.62244812e-04
   6.17214752e-04   5.35364297e-04]
class 66 acc:0.977528 Top 10:  [66 39 46  4 17 84 36 85 47 49] with prob:  [  9.16561614e-01   5.56752066e-02   6.23548481e-03   6.04599003e-03
   6.03473548e-03   2.46307853e-03   8.68954416e-04   7.47758993e-04
   6.69926667e-04   3.90803251e-04]
class 67 acc:0.962121 Top 10:  [67 83 57  3 62 45 58 93  1 85] with prob:  [  9.30734128e-01   1.71115480e-02   1.50238947e-02   9.63981319e-03
   7.66784350e-03   6.91098649e-03   6.88790325e-03   1.42225070e-03
   7.13396187e-04   6.83559824e-04]
class 68 acc:0.975000 Top 10:  [68 10  1 48 93 17  5 84 58 81] with prob:  [  9.56087088e-01   2.36716412e-02   6.22645260e-03   5.23503120e-03
   1.47810182e-03   1.34395393e-03   8.38380724e-04   6.43024376e-04
   4.53259223e-04   3.85469361e-04]
class 69 acc:0.815029 Top 10:  [69 22 50 77 11  7 86 90 64 14] with prob:  [  7.23235904e-01   2.60682213e-01   5.08579732e-03   7.50566385e-04
   6.19476316e-04   5.10538470e-04   3.68591697e-04   3.28140458e-04
   2.69215784e-04   2.12264843e-04]
class 7 acc:0.945946 Top 10:  [ 7 86 92 20 14 89 72 80 73 90] with prob:  [ 0.89698623  0.01646741  0.0152709   0.01404733  0.01288458  0.00871744
  0.0036626   0.00334124  0.0025149   0.00187094]
class 70 acc:0.971888 Top 10:  [70 65 52 24 91 51 59 42 81 84] with prob:  [  9.57337492e-01   1.55307877e-02   7.28637107e-03   4.79556531e-03
   4.32660923e-03   2.10190214e-03   2.02812201e-03   1.85858333e-03
   7.24016980e-04   3.80799231e-04]
class 71 acc:0.817460 Top 10:  [71 44 43 15 29 23 35 42 39 17] with prob:  [  7.08455685e-01   2.60748720e-01   2.05074949e-02   1.92145934e-03
   1.51763829e-03   6.44367792e-04   5.30391490e-04   4.00543056e-04
   3.36080078e-04   2.94131419e-04]
class 72 acc:0.702128 Top 10:  [72 34 76 16 92 50 73 88 14 90] with prob:  [ 0.64297785  0.21604264  0.04545192  0.02128304  0.01193048  0.01094267
  0.01084668  0.00823802  0.00528709  0.00423277]
class 73 acc:0.980952 Top 10:  [73 14 88 76 72 40 21 92 89 50] with prob:  [  9.62123525e-01   1.35102603e-02   6.23651911e-03   3.73921324e-03
   3.52190374e-03   1.22097031e-03   8.88896368e-04   4.74819841e-04
   4.61937546e-04   4.51303958e-04]
class 74 acc:0.947791 Top 10:  [74 91 27 61  1 55 23 28 31 33] with prob:  [ 0.91866492  0.04048242  0.01601099  0.00513051  0.00367547  0.00308806
  0.00193924  0.00157244  0.00138791  0.00105101]
class 75 acc:0.992248 Top 10:  [75 79 26 85 21 17 41 37 78 45] with prob:  [  9.57936905e-01   2.18431143e-02   7.74123384e-03   4.53444563e-03
   2.92693411e-03   4.82414071e-04   3.62325018e-04   3.14120941e-04
   2.29680837e-04   1.85210466e-04]
class 76 acc:0.987654 Top 10:  [76 72 93 34 40 14  1 78 73  7] with prob:  [  9.58244326e-01   1.69558403e-02   3.12953057e-03   2.50236804e-03
   1.91498616e-03   1.70080871e-03   1.28107451e-03   1.19502158e-03
   9.40855318e-04   8.03355453e-04]
class 77 acc:0.968750 Top 10:  [77 19 90 82  6 69 23 64 92 72] with prob:  [ 0.90713334  0.06143299  0.00479842  0.0039273   0.00240727  0.00217932
  0.00119803  0.00108501  0.00101218  0.00096873]
class 78 acc:0.972727 Top 10:  [78 74 21 79 75 48 76  7 15  2] with prob:  [  9.66019656e-01   9.12782185e-03   3.86863982e-03   3.79807580e-03
   2.40605621e-03   1.16168072e-03   1.12670891e-03   8.92394253e-04
   6.59433896e-04   6.10738290e-04]
class 79 acc:0.819672 Top 10:  [79 23 75 94 21 41 61 26 85 37] with prob:  [ 0.73538819  0.06996348  0.06670316  0.04729993  0.03101911  0.01507673
  0.00674897  0.00390398  0.00252527  0.00234837]
class 8 acc:0.959799 Top 10:  [ 8 88 18 87 38 61 40 94 21  1] with prob:  [ 0.94085201  0.02727004  0.006315    0.00424857  0.00283938  0.00274352
  0.00151715  0.00122898  0.00120697  0.00109485]
class 80 acc:0.934924 Top 10:  [80 53 95 25 32 30 56 18 13 33] with prob:  [  8.87628622e-01   6.02365940e-02   2.84971888e-02   6.30637816e-03
   5.98974385e-03   2.27538723e-03   1.38810550e-03   9.66604701e-04
   8.99166994e-04   6.63508315e-04]
class 81 acc:0.961672 Top 10:  [81 65 38 59 96 52  4  0 70 51] with prob:  [ 0.93497412  0.02424728  0.00764478  0.00718628  0.0057365   0.00426601
  0.00289865  0.00229267  0.00139266  0.00124872]
class 82 acc:0.830189 Top 10:  [82 41 62  6 12 49 21 60 45 83] with prob:  [ 0.8067677   0.07079773  0.02373389  0.02027299  0.01734499  0.01435409
  0.01279764  0.00367203  0.00295155  0.00279981]
class 83 acc:0.991304 Top 10:  [83 67  6 58 45 31 12 57  0 85] with prob:  [  9.69622945e-01   6.91543830e-03   4.56232903e-03   4.46349263e-03
   2.31680548e-03   1.68525332e-03   1.66211625e-03   1.22296263e-03
   1.12448361e-03   8.65467217e-04]
class 84 acc:0.811594 Top 10:  [84 52 46 81 29 36  1 47 51 66] with prob:  [ 0.68963025  0.13284509  0.09420542  0.0132772   0.00984154  0.00975902
  0.00637557  0.00453999  0.00451814  0.00414476]
class 85 acc:0.991968 Top 10:  [85 21 37 94 17  5 57 61 58 93] with prob:  [  9.76988553e-01   7.58177585e-03   3.49694690e-03   2.42187551e-03
   1.36482115e-03   1.31806512e-03   1.30238968e-03   6.53293178e-04
   5.32523349e-04   4.62489181e-04]
class 86 acc:0.973118 Top 10:  [86 20  7  8 11 32 92 50 88 89] with prob:  [ 0.95891187  0.00757737  0.00713712  0.00430953  0.00322767  0.0023741
  0.00205703  0.00197271  0.00177588  0.00135461]
class 87 acc:0.987952 Top 10:  [87 61 24  8 33 91 55 88 30 59] with prob:  [  9.69364690e-01   9.04859031e-03   3.91005066e-03   3.22394255e-03
   2.75035822e-03   1.83799575e-03   1.54003243e-03   1.48296750e-03
   9.69201205e-04   7.38142460e-04]
class 88 acc:0.979920 Top 10:  [88 50 61  8 73 89 14 72 55 87] with prob:  [  9.51067522e-01   1.90539766e-02   8.18849549e-03   6.80397118e-03
   4.96620691e-03   1.03368852e-03   9.98191800e-04   7.94018446e-04
   7.74958478e-04   4.34228983e-04]
class 89 acc:0.972000 Top 10:  [89 20 14 86 50  8 90 88 92 53] with prob:  [ 0.94392547  0.01181491  0.00939086  0.00457928  0.00421977  0.00341537
  0.00340789  0.00281659  0.00250411  0.00232046]
class 9 acc:0.986111 Top 10:  [ 9 15 43 76 50 11 64 72 78 40] with prob:  [  9.66222017e-01   9.03987161e-03   2.20255081e-03   1.99134660e-03
   1.94912107e-03   1.80542391e-03   1.78988808e-03   1.32012505e-03
   1.18002833e-03   9.46397483e-04]
class 90 acc:0.988000 Top 10:  [90 20 18 21 92 72  7 86 77 45] with prob:  [  9.62418228e-01   1.28359233e-02   3.87398641e-03   3.49811994e-03
   1.61620150e-03   1.26679920e-03   1.02308587e-03   5.97084950e-04
   5.87656606e-04   5.64890059e-04]
class 91 acc:0.969027 Top 10:  [91 74 23 55 27 87 61  1 33  0] with prob:  [  9.13795263e-01   4.89738536e-02   7.87636007e-03   7.73782966e-03
   7.06946947e-03   6.56395849e-03   9.23641331e-04   5.95266323e-04
   4.39847401e-04   4.22051793e-04]
class 92 acc:0.988571 Top 10:  [92 89 73 88  7 50 72 16 14 86] with prob:  [  9.77245851e-01   4.70977284e-03   3.07400353e-03   2.09215014e-03
   1.24155267e-03   1.09098329e-03   9.03767205e-04   7.90644307e-04
   5.59816821e-04   4.97856286e-04]
class 93 acc:0.961538 Top 10:  [93 24 57 33 58 70 68 67 85 92] with prob:  [ 0.92431381  0.01971609  0.01494807  0.00676086  0.0042533   0.0030641
  0.00288871  0.00288426  0.00211263  0.00208718]
class 94 acc:0.948148 Top 10:  [94 21 49 85 41 79  1  0  8 32] with prob:  [  8.89357374e-01   3.68751450e-02   2.22711890e-02   1.33993681e-02
   1.03294614e-02   6.94477326e-03   5.36278431e-03   1.98726815e-03
   9.44524853e-04   8.50665448e-04]
class 95 acc:0.880000 Top 10:  [95 25 80 45 27 91 81 12 56 74] with prob:  [ 0.7528948   0.15008765  0.06098761  0.00563926  0.00357353  0.00273844
  0.00249152  0.00182134  0.00171518  0.00141161]
class 96 acc:0.910714 Top 10:  [96 52 81  0 49 46 48  5  4 29] with prob:  [ 0.8531896   0.0506114   0.01550402  0.01314334  0.00886489  0.00702549
  0.00668124  0.00648599  0.00618587  0.00587157]
class 0 acc:0.957346 Top 10:  [ 0  1 32 81 94 49 28 42 59  3] with prob:  [ 0.92041997  0.01022445  0.00799992  0.00729883  0.00655619  0.00466243
  0.00389752  0.00367491  0.0027937   0.0027136 ]
class 1 acc:0.924000 Top 10:  [ 1 54 94 56  3 24 49 13 33 45] with prob:  [ 0.87748871  0.03295642  0.00831323  0.00800323  0.00716139  0.00627778
  0.00521756  0.00503617  0.00443491  0.0038616 ]
class 10 acc:0.976190 Top 10:  [10 68 48 46 37 81  5 51 59 93] with prob:  [ 0.94085793  0.02270437  0.00805472  0.00702203  0.00418331  0.00149308
  0.00148097  0.00134888  0.00115656  0.00096266]
class 11 acc:1.000000 Top 10:  [11 86 32  9 22 50  7 69 89 78] with prob:  [  9.52254715e-01   2.85895058e-02   3.95544864e-03   3.23141906e-03
   3.22603864e-03   1.74583641e-03   8.65081095e-04   5.85586838e-04
   5.34806454e-04   2.56377002e-04]
class 12 acc:0.991968 Top 10:  [12  6 82 95 94 45 60 21  3 86] with prob:  [  9.75098519e-01   4.54453406e-03   2.48225791e-03   2.26860941e-03
   1.72062723e-03   1.65511175e-03   1.47497348e-03   1.04928190e-03
   8.67040525e-04   8.18309862e-04]
class 13 acc:0.962963 Top 10:  [13  1 56 54 33 30 27 94 12 62] with prob:  [ 0.84554333  0.04040235  0.03108879  0.01673087  0.01086926  0.00978664
  0.00891237  0.00774104  0.00441731  0.00440359]
class 14 acc:0.910000 Top 10:  [14 73 89  7 21 72  1 40 76 88] with prob:  [ 0.85702631  0.04071777  0.03291811  0.01906258  0.00695757  0.00570136
  0.00386864  0.00336515  0.00307118  0.00278603]
class 15 acc:0.904110 Top 10:  [15 43 78 71 44  9 21 23 50 79] with prob:  [  7.33515278e-01   2.41917734e-01   9.72313933e-03   4.33873282e-03
   1.13903249e-03   7.05329910e-04   6.98242891e-04   6.01930258e-04
   5.69482886e-04   4.88380230e-04]
class 16 acc:1.000000 Top 10:  [16 34 72 42 59 76 23 89 74 92] with prob:  [  9.88792864e-01   3.02250717e-03   2.32089957e-03   1.71067798e-03
   5.88926354e-04   2.37307013e-04   1.27415533e-04   1.18207037e-04
   1.08316410e-04   1.02714981e-04]
class 17 acc:0.985000 Top 10:  [17 85 68 75 46 66 35 51 84  5] with prob:  [  9.60864533e-01   1.14177759e-02   5.66168265e-03   3.69247253e-03
   3.22350486e-03   3.08485953e-03   2.29369019e-03   1.40051198e-03
   7.53811067e-04   6.50743256e-04]
class 18 acc:0.911647 Top 10:  [18 30 20 53 80 24  8 60 89 90] with prob:  [ 0.85473464  0.0958655   0.01437104  0.01099969  0.00740801  0.00261855
  0.0022873   0.00197633  0.00190637  0.00137551]
class 19 acc:0.935897 Top 10:  [19 77 41 82 64 90 49 69 92 23] with prob:  [  8.92525339e-01   7.48671313e-02   1.25385971e-02   2.47715950e-03
   1.64307018e-03   1.25020270e-03   8.71195931e-04   6.77779364e-04
   5.12071430e-04   5.11975061e-04]
class 2 acc:0.995851 Top 10:  [ 2 24 93 92 73  5 87 36 88 84] with prob:  [  9.89791642e-01   4.38662969e-03   6.75951690e-04   6.58745995e-04
   5.59415288e-04   4.67626446e-04   4.40737975e-04   2.38486907e-04
   1.83173280e-04   1.24152470e-04]
class 20 acc:0.971774 Top 10:  [20 90 18  7 86 89 80 32  8 50] with prob:  [ 0.92411667  0.01880797  0.01421407  0.00791962  0.0067808   0.00635311
  0.00467502  0.00216907  0.00188336  0.00168885]
class 21 acc:0.921348 Top 10:  [21 94 61 85 41 79 90  6 14 82] with prob:  [ 0.86568305  0.03942131  0.01672436  0.01532493  0.00984359  0.00694104
  0.00596802  0.00512778  0.00377203  0.00356797]
class 22 acc:0.914573 Top 10:  [22 69 86 11  7 89 21 14 16 23] with prob:  [  8.04707451e-01   1.82756251e-01   1.05589753e-03   9.99384661e-04
   7.39383503e-04   4.30770746e-04   3.91635161e-04   3.88540936e-04
   2.88975205e-04   2.64445391e-04]
class 23 acc:0.976000 Top 10:  [23 79 91 61 71 21 49  0 94 63] with prob:  [ 0.9458631   0.02312671  0.00561066  0.0027525   0.00242016  0.00161843
  0.00151238  0.00140938  0.00133532  0.00121552]
class 24 acc:0.956522 Top 10:  [24 93 33  2 65 14  1 61 18 80] with prob:  [ 0.92780863  0.01829267  0.00735081  0.00580081  0.00542951  0.00470625
  0.00454932  0.00421723  0.00285225  0.00244615]
class 25 acc:0.928000 Top 10:  [25 95 80 45  2 91  1 56 54  5] with prob:  [  8.65459424e-01   1.03956239e-01   9.17630760e-03   4.17411387e-03
   3.32511598e-03   2.94991479e-03   1.90690969e-03   1.67686146e-03
   1.08697682e-03   6.14849709e-04]
class 26 acc:0.925373 Top 10:  [26 75 85 17 79 21  5 41 94 61] with prob:  [ 0.90291182  0.018676    0.01411339  0.0116954   0.01145712  0.00682691
  0.00668817  0.00614208  0.00258643  0.00139217]
class 27 acc:0.988000 Top 10:  [27 95 74 80 13 87 25 30 91 61] with prob:  [  9.77016392e-01   6.79638212e-03   6.64089631e-03   1.71198027e-03
   6.41619575e-04   5.40224836e-04   4.49290918e-04   4.35649975e-04
   2.88019608e-04   2.57111669e-04]
class 28 acc:0.983871 Top 10:  [28  0 51 81  8 61 87 74 59 91] with prob:  [  9.73854456e-01   7.53931397e-03   4.56062783e-03   3.73696022e-03
   3.49799822e-03   1.79442498e-03   5.42216609e-04   3.55004665e-04
   2.91932418e-04   2.52238766e-04]
class 29 acc:0.988000 Top 10:  [29 47  0 49 48 44 35 39 52 17] with prob:  [ 0.96863423  0.0063638   0.00387872  0.00322222  0.00185206  0.00170823
  0.00151776  0.00146965  0.00144799  0.00144057]
class 3 acc:0.970588 Top 10:  [ 3 45 67 62  1 13 83 27  0 25] with prob:  [  9.40449752e-01   2.07213346e-02   1.42103127e-02   1.09000600e-02
   5.40727512e-03   3.23028573e-03   4.78975468e-04   3.91615054e-04
   3.84008916e-04   3.74597675e-04]
class 30 acc:0.937294 Top 10:  [30 53 18 80 13 87 60  8 27 93] with prob:  [  8.84811008e-01   6.49354729e-02   4.11644434e-02   5.96271290e-03
   5.14345140e-04   3.88974836e-04   2.62704234e-04   2.11631954e-04
   1.03547103e-04   6.83819275e-05]
class 31 acc:0.990654 Top 10:  [31 74 57 83 58 67 52 37  1  0] with prob:  [  9.64778258e-01   1.81148567e-02   6.67667231e-03   2.24107348e-03
   1.46838907e-03   7.87714410e-04   7.20816174e-04   2.87430614e-04
   2.24364179e-04   2.24055134e-04]
class 32 acc:0.971545 Top 10:  [32 80 49  0 94 20  8  1 53 95] with prob:  [  9.41521762e-01   2.31664165e-02   8.50881199e-03   7.72496618e-03
   4.15352031e-03   2.36934098e-03   1.77309608e-03   1.71564664e-03
   1.34684740e-03   7.26282481e-04]
class 33 acc:0.960000 Top 10:  [33 56 54 59  1 18 24 61 87 13] with prob:  [ 0.93387125  0.02044533  0.01558391  0.00551022  0.00539776  0.00406115
  0.00283725  0.00213237  0.00196605  0.00159618]
class 34 acc:0.861702 Top 10:  [34 72 16 76 73 45 92 40 14 23] with prob:  [  7.60543773e-01   1.97726615e-01   1.95061467e-02   6.40127486e-03
   4.65882695e-03   1.91688959e-03   5.80166701e-04   4.14949529e-04
   2.94358193e-04   2.89092442e-04]
class 35 acc:0.987952 Top 10:  [35 44 29 48 17 71 85  4 49 75] with prob:  [  9.70010137e-01   7.27198133e-03   4.48018968e-03   4.37964970e-03
   4.34029369e-03   1.15388280e-03   5.88046506e-04   4.25684806e-04
   4.04654269e-04   3.94634932e-04]
class 36 acc:0.996000 Top 10:  [36 68 85 52 46 84 51 67  1  4] with prob:  [  9.85953482e-01   3.67099275e-03   2.52582033e-03   1.52637099e-03
   1.13281857e-03   9.63271396e-04   7.17774689e-04   5.43252739e-04
   3.88514906e-04   3.38435275e-04]
class 37 acc:0.972000 Top 10:  [37 63 85 21 23 59 79 75 94  0] with prob:  [  9.51919742e-01   2.17768356e-02   9.39336521e-03   3.58371312e-03
   3.55857847e-03   3.10123485e-03   8.28592646e-04   3.08911703e-04
   3.05424269e-04   2.83213939e-04]
class 38 acc:0.988000 Top 10:  [38 65 81  4 40  7  8 24 84 49] with prob:  [  9.46602344e-01   1.43008015e-02   1.18832116e-02   9.54809810e-03
   2.27625519e-03   1.40045116e-03   9.99897459e-04   8.71966422e-04
   6.73478706e-04   6.53370163e-04]
class 39 acc:0.834951 Top 10:  [39 66 47 29 51  4 81 84 17 46] with prob:  [  7.89633554e-01   1.35815902e-01   3.38783458e-02   1.81376335e-02
   7.81854020e-03   3.40399156e-03   2.14540146e-03   1.24890391e-03
   7.72973199e-04   7.14280432e-04]
class 4 acc:0.980000 Top 10:  [ 4 38 36 81 66 84 52 46 39 29] with prob:  [  9.56299328e-01   1.15528579e-02   1.05891752e-02   9.50919030e-03
   2.72549954e-03   1.08197818e-03   1.07877464e-03   8.60689999e-04
   7.32371847e-04   7.11951601e-04]
class 40 acc:0.955882 Top 10:  [40 14  8 38 88 50 73 72 92 76] with prob:  [ 0.9042623   0.02618268  0.01318819  0.01232202  0.00687239  0.00604957
  0.00485757  0.00327199  0.00269872  0.00265985]
class 41 acc:0.979424 Top 10:  [41 94 82 62 21 49 79  5  1 85] with prob:  [  9.61050910e-01   9.25463865e-03   7.20734702e-03   5.22503902e-03
   3.89708465e-03   2.82882387e-03   1.31554153e-03   1.13070818e-03
   7.13329717e-04   5.53564483e-04]
class 42 acc:0.903846 Top 10:  [42 59 16 48  0 72  1 46 70 86] with prob:  [ 0.8661289   0.08467018  0.01046048  0.0101243   0.00405206  0.00350344
  0.00319695  0.00282515  0.00197931  0.00114566]
class 43 acc:0.402597 Top 10:  [43 15 44 71 29 78 50 76 72 17] with prob:  [  4.17726255e-01   3.72048336e-01   1.15116013e-01   8.25904493e-02
   1.18461358e-03   1.17537710e-03   6.45912243e-04   5.75472053e-04
   4.27093652e-04   4.15461610e-04]
class 44 acc:0.860465 Top 10:  [44 71 43 35 29 15 48 39 23 17] with prob:  [  7.31921441e-01   2.06161575e-01   2.50889776e-02   1.79389185e-02
   5.00643158e-03   1.62934432e-03   1.60291638e-03   5.86181249e-04
   5.34649156e-04   4.55272219e-04]
class 45 acc:0.935743 Top 10:  [45  3 62  1 25 67 12 95 83 17] with prob:  [ 0.89835006  0.027566    0.02099341  0.01281316  0.00728989  0.00596476
  0.00499732  0.00440799  0.00344059  0.00270735]
class 46 acc:0.907258 Top 10:  [46 48 52 84  5 51 36 66 29  4] with prob:  [  8.25934096e-01   8.25759190e-02   5.10975632e-02   1.64081505e-02
   5.09212206e-03   4.68236511e-03   4.30256523e-03   1.78447668e-03
   1.56149691e-03   7.15573064e-04]
class 47 acc:0.972000 Top 10:  [47 29 52 39 84 36 49 51 46 66] with prob:  [  9.44572226e-01   1.67243110e-02   1.11488628e-02   8.59945238e-03
   3.79750798e-03   3.08032089e-03   2.84952587e-03   1.14377577e-03
   1.07771957e-03   9.00985381e-04]
class 48 acc:0.935743 Top 10:  [48 46  5 29 10  1 35 68 71  2] with prob:  [ 0.85767808  0.09380419  0.02527678  0.00425125  0.00213271  0.00185531
  0.00141434  0.00107028  0.00105702  0.00100365]
class 49 acc:0.927711 Top 10:  [49 94 41 24  1  0 35 29 81 85] with prob:  [ 0.87353506  0.04313777  0.01654646  0.00642781  0.00621413  0.00574144
  0.00347972  0.00337658  0.00300555  0.00291738]
class 5 acc:0.972973 Top 10:  [ 5 48 46 62 68 29 41 96 49 10] with prob:  [  9.47823213e-01   2.25687633e-02   6.39254052e-03   4.03344726e-03
   3.79769720e-03   2.72261976e-03   1.75421283e-03   1.58905974e-03
   1.09391613e-03   7.08499743e-04]
class 50 acc:0.892086 Top 10:  [50 88 89  8 14 11 15 72 20 73] with prob:  [ 0.85190678  0.09966515  0.00826757  0.00413375  0.00379744  0.00271825
  0.00270173  0.00269713  0.00235931  0.00196153]
class 51 acc:0.976000 Top 10:  [51 70 29 36 52 81 28 10 47 46] with prob:  [ 0.95831664  0.00777085  0.00686187  0.00465893  0.00321894  0.00259817
  0.00244619  0.00214067  0.00194492  0.00157291]
class 52 acc:0.909605 Top 10:  [52 46 84 81 70 51 65 29 36 48] with prob:  [ 0.79715203  0.06496659  0.04891233  0.01214935  0.01005603  0.00966427
  0.00877539  0.00748338  0.00566263  0.0046592 ]
class 53 acc:0.911290 Top 10:  [53 80 30 18 13 25 89  1 95 56] with prob:  [  8.30217223e-01   8.46633291e-02   7.29398783e-02   6.47294004e-03
   1.29251868e-03   3.50115855e-04   3.39379939e-04   3.37184219e-04
   2.95596113e-04   2.25209118e-04]
class 54 acc:0.911504 Top 10:  [54 56  1 33 13 18 95 24 67 49] with prob:  [ 0.8039968   0.11397756  0.03731497  0.01858504  0.00457348  0.00344222
  0.00178839  0.00145217  0.00144637  0.00124424]
class 55 acc:1.000000 Top 10:  [55 91 87 88  8 61 50 74 23 86] with prob:  [  9.83895366e-01   3.94654969e-03   3.13447284e-03   2.17787952e-03
   1.42337093e-03   1.28839514e-03   4.74276531e-04   3.68967703e-04
   3.07362917e-04   2.61229615e-04]
class 56 acc:0.871429 Top 10:  [56 54 33  1 13  0 25 42 80 95] with prob:  [  7.57572484e-01   1.81445479e-01   2.37875434e-02   2.17938519e-02
   3.75936805e-03   1.70286458e-03   1.69972794e-03   1.06994445e-03
   8.65965807e-04   7.23154610e-04]
class 57 acc:0.961240 Top 10:  [57 58 93 85 67 68 48  5 83 35] with prob:  [  9.30150745e-01   3.60586364e-02   1.18345714e-02   1.03613766e-02
   4.54158341e-03   2.04120917e-03   5.66976454e-04   5.56132808e-04
   4.82170109e-04   3.40355523e-04]
class 58 acc:0.918919 Top 10:  [58 57 93 83 67 85  1 29 41 24] with prob:  [ 0.88434221  0.03068173  0.01899697  0.01583331  0.01290426  0.01069841
  0.00665276  0.00233021  0.00153256  0.00148228]
class 59 acc:0.995984 Top 10:  [59 42 61 33 63 24  1 28 37  0] with prob:  [  9.52981630e-01   2.27427065e-02   6.02806660e-03   2.98161109e-03
   2.40162676e-03   1.47081570e-03   1.42415494e-03   1.25138486e-03
   1.24815208e-03   8.66781123e-04]
class 6 acc:0.995413 Top 10:  [ 6 12 32 82 60 83  0 26 74 21] with prob:  [  9.76582465e-01   5.82034500e-03   4.89225453e-03   3.29823551e-03
   2.21979957e-03   1.16229869e-03   3.61635409e-04   3.29851190e-04
   2.88593968e-04   2.48651616e-04]
class 60 acc:0.987903 Top 10:  [60 18 80 12  6 81 82 38  4 30] with prob:  [  9.76763681e-01   7.07355749e-03   1.91697677e-03   1.73784387e-03
   1.50807546e-03   1.26360238e-03   1.21567360e-03   1.15373106e-03
   1.12311111e-03   7.19420901e-04]
class 61 acc:0.976000 Top 10:  [61 21 88 74 55 79 59 87 23 33] with prob:  [ 0.95547457  0.00848873  0.00503486  0.00476987  0.00322777  0.0031174
  0.00286634  0.00231234  0.00192047  0.00158873]
class 62 acc:0.983871 Top 10:  [62  3 41  1 45 67 82 91 13  5] with prob:  [  9.53999313e-01   1.29441422e-02   8.69378769e-03   5.39288308e-03
   5.30978608e-03   2.92112500e-03   9.90193374e-04   7.34132535e-04
   7.16830728e-04   7.00001536e-04]
class 63 acc:0.948000 Top 10:  [63 37 59 61  1 33 31 23 85 52] with prob:  [  9.01301451e-01   6.26475083e-02   1.38005961e-02   4.62865740e-03
   3.80582554e-03   3.18674150e-03   1.39706370e-03   1.23811913e-03
   6.73947795e-04   6.49686299e-04]
class 64 acc:1.000000 Top 10:  [64  9 78 76 14 92 72 47 29 40] with prob:  [  9.82639182e-01   3.18715217e-03   1.61939395e-03   1.56490849e-03
   9.88460747e-04   9.02054060e-04   7.49449701e-04   6.61408855e-04
   5.50709833e-04   3.65233812e-04]
class 65 acc:0.967890 Top 10:  [65 70 81 24 38 36 59 52 33 91] with prob:  [  9.20096477e-01   3.54356093e-02   1.41099715e-02   1.29384715e-02
   5.38735213e-03   3.48252321e-03   9.32220147e-04   7.62244812e-04
   6.17214752e-04   5.35364297e-04]
class 66 acc:0.977528 Top 10:  [66 39 46  4 17 84 36 85 47 49] with prob:  [  9.16561614e-01   5.56752066e-02   6.23548481e-03   6.04599003e-03
   6.03473548e-03   2.46307853e-03   8.68954416e-04   7.47758993e-04
   6.69926667e-04   3.90803251e-04]
class 67 acc:0.962121 Top 10:  [67 83 57  3 62 45 58 93  1 85] with prob:  [  9.30734128e-01   1.71115480e-02   1.50238947e-02   9.63981319e-03
   7.66784350e-03   6.91098649e-03   6.88790325e-03   1.42225070e-03
   7.13396187e-04   6.83559824e-04]
class 68 acc:0.975000 Top 10:  [68 10  1 48 93 17  5 84 58 81] with prob:  [  9.56087088e-01   2.36716412e-02   6.22645260e-03   5.23503120e-03
   1.47810182e-03   1.34395393e-03   8.38380724e-04   6.43024376e-04
   4.53259223e-04   3.85469361e-04]
class 69 acc:0.815029 Top 10:  [69 22 50 77 11  7 86 90 64 14] with prob:  [  7.23235904e-01   2.60682213e-01   5.08579732e-03   7.50566385e-04
   6.19476316e-04   5.10538470e-04   3.68591697e-04   3.28140458e-04
   2.69215784e-04   2.12264843e-04]
class 7 acc:0.945946 Top 10:  [ 7 86 92 20 14 89 72 80 73 90] with prob:  [ 0.89698623  0.01646741  0.0152709   0.01404733  0.01288458  0.00871744
  0.0036626   0.00334124  0.0025149   0.00187094]
class 70 acc:0.971888 Top 10:  [70 65 52 24 91 51 59 42 81 84] with prob:  [  9.57337492e-01   1.55307877e-02   7.28637107e-03   4.79556531e-03
   4.32660923e-03   2.10190214e-03   2.02812201e-03   1.85858333e-03
   7.24016980e-04   3.80799231e-04]
class 71 acc:0.817460 Top 10:  [71 44 43 15 29 23 35 42 39 17] with prob:  [  7.08455685e-01   2.60748720e-01   2.05074949e-02   1.92145934e-03
   1.51763829e-03   6.44367792e-04   5.30391490e-04   4.00543056e-04
   3.36080078e-04   2.94131419e-04]
class 72 acc:0.702128 Top 10:  [72 34 76 16 92 50 73 88 14 90] with prob:  [ 0.64297785  0.21604264  0.04545192  0.02128304  0.01193048  0.01094267
  0.01084668  0.00823802  0.00528709  0.00423277]
class 73 acc:0.980952 Top 10:  [73 14 88 76 72 40 21 92 89 50] with prob:  [  9.62123525e-01   1.35102603e-02   6.23651911e-03   3.73921324e-03
   3.52190374e-03   1.22097031e-03   8.88896368e-04   4.74819841e-04
   4.61937546e-04   4.51303958e-04]
class 74 acc:0.947791 Top 10:  [74 91 27 61  1 55 23 28 31 33] with prob:  [ 0.91866492  0.04048242  0.01601099  0.00513051  0.00367547  0.00308806
  0.00193924  0.00157244  0.00138791  0.00105101]
class 75 acc:0.992248 Top 10:  [75 79 26 85 21 17 41 37 78 45] with prob:  [  9.57936905e-01   2.18431143e-02   7.74123384e-03   4.53444563e-03
   2.92693411e-03   4.82414071e-04   3.62325018e-04   3.14120941e-04
   2.29680837e-04   1.85210466e-04]
class 76 acc:0.987654 Top 10:  [76 72 93 34 40 14  1 78 73  7] with prob:  [  9.58244326e-01   1.69558403e-02   3.12953057e-03   2.50236804e-03
   1.91498616e-03   1.70080871e-03   1.28107451e-03   1.19502158e-03
   9.40855318e-04   8.03355453e-04]
class 77 acc:0.968750 Top 10:  [77 19 90 82  6 69 23 64 92 72] with prob:  [ 0.90713334  0.06143299  0.00479842  0.0039273   0.00240727  0.00217932
  0.00119803  0.00108501  0.00101218  0.00096873]
class 78 acc:0.972727 Top 10:  [78 74 21 79 75 48 76  7 15  2] with prob:  [  9.66019656e-01   9.12782185e-03   3.86863982e-03   3.79807580e-03
   2.40605621e-03   1.16168072e-03   1.12670891e-03   8.92394253e-04
   6.59433896e-04   6.10738290e-04]
class 79 acc:0.819672 Top 10:  [79 23 75 94 21 41 61 26 85 37] with prob:  [ 0.73538819  0.06996348  0.06670316  0.04729993  0.03101911  0.01507673
  0.00674897  0.00390398  0.00252527  0.00234837]
class 8 acc:0.959799 Top 10:  [ 8 88 18 87 38 61 40 94 21  1] with prob:  [ 0.94085201  0.02727004  0.006315    0.00424857  0.00283938  0.00274352
  0.00151715  0.00122898  0.00120697  0.00109485]
class 80 acc:0.934924 Top 10:  [80 53 95 25 32 30 56 18 13 33] with prob:  [  8.87628622e-01   6.02365940e-02   2.84971888e-02   6.30637816e-03
   5.98974385e-03   2.27538723e-03   1.38810550e-03   9.66604701e-04
   8.99166994e-04   6.63508315e-04]
class 81 acc:0.961672 Top 10:  [81 65 38 59 96 52  4  0 70 51] with prob:  [ 0.93497412  0.02424728  0.00764478  0.00718628  0.0057365   0.00426601
  0.00289865  0.00229267  0.00139266  0.00124872]
class 82 acc:0.830189 Top 10:  [82 41 62  6 12 49 21 60 45 83] with prob:  [ 0.8067677   0.07079773  0.02373389  0.02027299  0.01734499  0.01435409
  0.01279764  0.00367203  0.00295155  0.00279981]
class 83 acc:0.991304 Top 10:  [83 67  6 58 45 31 12 57  0 85] with prob:  [  9.69622945e-01   6.91543830e-03   4.56232903e-03   4.46349263e-03
   2.31680548e-03   1.68525332e-03   1.66211625e-03   1.22296263e-03
   1.12448361e-03   8.65467217e-04]
class 84 acc:0.811594 Top 10:  [84 52 46 81 29 36  1 47 51 66] with prob:  [ 0.68963025  0.13284509  0.09420542  0.0132772   0.00984154  0.00975902
  0.00637557  0.00453999  0.00451814  0.00414476]
class 85 acc:0.991968 Top 10:  [85 21 37 94 17  5 57 61 58 93] with prob:  [  9.76988553e-01   7.58177585e-03   3.49694690e-03   2.42187551e-03
   1.36482115e-03   1.31806512e-03   1.30238968e-03   6.53293178e-04
   5.32523349e-04   4.62489181e-04]
class 86 acc:0.973118 Top 10:  [86 20  7  8 11 32 92 50 88 89] with prob:  [ 0.95891187  0.00757737  0.00713712  0.00430953  0.00322767  0.0023741
  0.00205703  0.00197271  0.00177588  0.00135461]
class 87 acc:0.987952 Top 10:  [87 61 24  8 33 91 55 88 30 59] with prob:  [  9.69364690e-01   9.04859031e-03   3.91005066e-03   3.22394255e-03
   2.75035822e-03   1.83799575e-03   1.54003243e-03   1.48296750e-03
   9.69201205e-04   7.38142460e-04]
class 88 acc:0.979920 Top 10:  [88 50 61  8 73 89 14 72 55 87] with prob:  [  9.51067522e-01   1.90539766e-02   8.18849549e-03   6.80397118e-03
   4.96620691e-03   1.03368852e-03   9.98191800e-04   7.94018446e-04
   7.74958478e-04   4.34228983e-04]
class 89 acc:0.972000 Top 10:  [89 20 14 86 50  8 90 88 92 53] with prob:  [ 0.94392547  0.01181491  0.00939086  0.00457928  0.00421977  0.00341537
  0.00340789  0.00281659  0.00250411  0.00232046]
class 9 acc:0.986111 Top 10:  [ 9 15 43 76 50 11 64 72 78 40] with prob:  [  9.66222017e-01   9.03987161e-03   2.20255081e-03   1.99134660e-03
   1.94912107e-03   1.80542391e-03   1.78988808e-03   1.32012505e-03
   1.18002833e-03   9.46397483e-04]
class 90 acc:0.988000 Top 10:  [90 20 18 21 92 72  7 86 77 45] with prob:  [  9.62418228e-01   1.28359233e-02   3.87398641e-03   3.49811994e-03
   1.61620150e-03   1.26679920e-03   1.02308587e-03   5.97084950e-04
   5.87656606e-04   5.64890059e-04]
class 91 acc:0.969027 Top 10:  [91 74 23 55 27 87 61  1 33  0] with prob:  [  9.13795263e-01   4.89738536e-02   7.87636007e-03   7.73782966e-03
   7.06946947e-03   6.56395849e-03   9.23641331e-04   5.95266323e-04
   4.39847401e-04   4.22051793e-04]
class 92 acc:0.988571 Top 10:  [92 89 73 88  7 50 72 16 14 86] with prob:  [  9.77245851e-01   4.70977284e-03   3.07400353e-03   2.09215014e-03
   1.24155267e-03   1.09098329e-03   9.03767205e-04   7.90644307e-04
   5.59816821e-04   4.97856286e-04]
class 93 acc:0.961538 Top 10:  [93 24 57 33 58 70 68 67 85 92] with prob:  [ 0.92431381  0.01971609  0.01494807  0.00676086  0.0042533   0.0030641
  0.00288871  0.00288426  0.00211263  0.00208718]
class 94 acc:0.948148 Top 10:  [94 21 49 85 41 79  1  0  8 32] with prob:  [  8.89357374e-01   3.68751450e-02   2.22711890e-02   1.33993681e-02
   1.03294614e-02   6.94477326e-03   5.36278431e-03   1.98726815e-03
   9.44524853e-04   8.50665448e-04]
class 95 acc:0.880000 Top 10:  [95 25 80 45 27 91 81 12 56 74] with prob:  [ 0.7528948   0.15008765  0.06098761  0.00563926  0.00357353  0.00273844
  0.00249152  0.00182134  0.00171518  0.00141161]
class 96 acc:0.910714 Top 10:  [96 52 81  0 49 46 48  5  4 29] with prob:  [ 0.8531896   0.0506114   0.01550402  0.01314334  0.00886489  0.00702549
  0.00668124  0.00648599  0.00618587  0.00587157]
